1000
289898
739450
37676
405000
-899784
-823171
-648193
-914187
575992
-887416
-511040
267744
899740
479873
276551
356537
442156
454282
-717679
19043
-775236
280613
888690
-827200
-14080
-412151
669202
622187
470688
-677584
291522
242853
-289386
84835
-962480
-796788
493067
-210528
-907959
18349
-64524
527494
349148
236959
-580719
-849273
-589347
370567
89216
489335
-74190
-481609
-924513
675200
414186
413976
720536
849594
-803373
-452943
737640
-542
-881157
778140
11725
351724
343882
-871329
428497
-210452
805332
-577942
138301
-540856
-662696
-101443
884470
876416
-278891
-149378
-474557
863651
-779866
420154
-778352
-537547
301779
861426
-906527
-387858
-208173
806014
-166625
-748986
-99731
778430
606295
662751
-728881
-11578
-215808
379860
-725002
719579
652835
558102
-595974
251315
-194099
895853
-403437
-962728
-595574
-789150
-741932
-944847
-932730
-786601
103844
866399
-393344
-749374
422553
438553
947514
-90737
-349575
-203942
-312126
-773333
-399793
618868
-554833
473605
861028
885366
717585
-261639
524173
-501607
-386628
-156467
966388
-713617
-871037
986582
-894661
-40026
-175288
-139477
121461
333645
281818
451471
199491
-703270
458492
794793
263028
-305298
704053
-919642
472888
788082
-921879
299675
-536402
685892
671688
761273
10575
-562531
-474082
356779
-978863
959999
-6917
262053
950755
-7665
400707
875728
-721991
-676370
137708
-387934
388170
470477
-332452
914286
187412
139597
-75489
704528
173490
-79390
-345120
-811363
-147344
-445683
-212624
308122
-927191
301038
-614184
-750209
-959588
366009
442849
544228
203604
-262224
-546730
-556851
896396
-113747
-947745
177824
424136
837452
-69491
-324603
-170672
-994676
-413243
264117
-391088
-132262
516454
140295
-210104
288998
-759305
203795
808953
334512
-125515
701780
-898308
418943
-55994
-568535
310155
319228
811493
944512
-253807
-339993
-383220
-843870
459068
-486237
260293
17777
-43418
-285990
-207551
-44038
1058
624488
-189288
983628
948295
-390164
-546969
594057
938374
-408892
-147001
95089
-963767
-117581
-161813
-132473
243863
292172
429668
715029
135386
625298
-558650
577563
832928
-632135
129145
316965
-768775
-49788
-715687
-249628
-610124
203582
593738
-237997
-777045
-194141
80417
136765
308971
435543
601462
-744570
-750436
463674
-143885
193159
943857
-790684
645807
994469
-387133
509789
-726657
571323
489420
-293887
40514
-552969
436393
-712348
-746799
-247997
-597891
-525837
586103
712017
335656
-803740
862586
-320744
647886
18989
-640016
-168418
-791446
116327
168067
-262230
580665
378686
180867
-819374
-383314
340975
195097
630158
989881
-688276
579322
-781022
-466594
844595
-846078
-153608
318116
318314
-226154
659153
-427152
286872
206995
299127
133221
-253769
-882826
-900543
322102
204832
431610
-676909
270966
466674
-310178
689383
-198373
-807082
506159
-102913
117534
-706934
503404
-338942
184221
194191
975495
870326
-428092
-387386
326411
989213
-987962
138016
476051
351735
583403
-544015
-745429
75162
-419205
306421
3038
49252
685889
976570
99337
-963155
-390978
-396191
-413190
573801
916435
222715
-201675
-158227
749491
-796139
91071
-283760
-231276
-105426
-702858
-873447
675779
648639
582369
-512254
429879
-465525
733278
938199
-470320
-396062
-919077
172083
463477
-697260
-20414
388906
-50717
585222
-158358
597421
-349967
647465
204472
-457893
44815
131127
861250
-621335
766241
52956
-200748
-200326
696009
588031
-127566
-897906
626618
775788
425988
518021
-251201
-690575
244920
-776799
319522
202985
-815032
901304
211955
-654313
-34763
518313
253043
494947
726542
-677544
-834349
-70419
-123362
688789
384457
-858262
-449175
-362935
-913881
-379745
406644
-980749
400221
572308
898379
704212
538549
-543298
-966983
757867
-825141
997971
443482
673900
50004
223957
815863
-774545
-669606
-93194
624155
-76914
-784430
-385685
45344
312054
533216
868816
-979088
-19879
-810727
-537744
225377
-629881
-96136
299676
928887
280557
846456
-66990
-932146
236422
131673
198357
-505638
-262586
-844795
607197
-1890
380046
219509
-55305
66052
565940
-852366
799516
-361802
863747
-450201
849200
757781
567381
-286967
63312
98534
233652
301295
611383
666926
-311144
507195
-204202
355517
-541640
-600974
-415345
956007
-792242
159131
-432274
999799
978669
2701
-373674
922388
-477723
-83845
958094
204024
701478
-61571
185719
895388
190468
600669
-461069
617682
-14019
587798
472723
-730774
-655818
-537005
-514443
-61874
-213322
627003
897255
-515550
896651
838135
-744565
179365
259935
944127
772051
986732
-928841
-541884
-906389
-516711
-87298
304429
-578659
958469
-741749
-412880
659327
-754116
415153
331830
-594296
677207
237342
697957
-10817
644778
-620549
423938
-38358
929077
-754381
310651
-371042
695075
423757
-600892
436164
-339009
-763560
346811
-651972
-17515
-322619
84804
-714060
963573
-424087
-387305
249401
-660055
349361
824368
-424935
772571
789045
-392317
-345936
-703010
-322361
-884103
436880
576841
642358
556228
258361
402952
-365480
-293698
-617457
872461
488125
-82355
47840
834267
657336
-558142
-24748
157641
-475104
-880877
775879
463369
-788948
-852565
-894189
-820148
-934726
146895
-309986
64663
-278188
17943
283025
3040
918606
528141
-200689
-581456
-448173
752105
3692
98895
265411
-914481
850839
-378059
-141071
-555661
331957
-502044
12589
681075
106238
-163751
-204496
-237802
-909240
-42112
-731363
897102
-349713
214818
72233
-274479
-900990
443153
-55385
-676502
237505
-543065
9498
28322
968430
-713509
4348
-459681
688680
960679
-211610
-760155
-929819
603293
311539
255748
-700272
-672261
-411454
939612
-355592
277580
614391
578190
-616202
-743944
802834
-530237
689588
949425
522448
-950696
789492
571067
-446118
-19433
174070
-764625
992257
-592632
313845
719614
-465834
-994802
-514299
-815330
989640
-683090
295606
860644
514292
635376
-402730
655535
492521
744104
-225477
-157124
21736
12467
-185476
-36269
568064
547940
-822299
335725
62197
570874
820763
428451
345609
-132104
-999909
-571663
-29623
-75510
-276923
-843970
189366
792130
484331
-34676
181516
-545730
-764728
-866791
96655
-728138
-923290
-549991
-95785
79913
506331
624660
-578279
-40130
-713077
-979701
-816213
-884370
223927
908308
-793960
-60732
-545531
965024
19713
-297042
113366
370395
695676
197333
-469603
494929
55828
-652711
740914
512630
774386
391263
760184
-979522
-872884
-635982
-427662
587586
-884399
-819210
-442840
10673
297734
816201
547834
-430481
-897455
108029
355367
859821
616443
768282
-481887
-904142
756550
838031
-149303
-984522
865664
737178
810362
812722
-7339
-576474
477216
-438931
-9310
657775
595090
700384
-864938
-997641
-893401
76872
206956
-378051
-591779
-263238
-165254
-697183
232757
199439
-751627
-664474
-844950
491717
-396660
-527204
482647
391609
-171004
615516
-724561
218866
147381
526118
455993
-707127
-455381
468731
104716
-566462
582625
-356632
-43616
317443
-543908
593130
287374
368544
-765796
478277
-12985
-210272
-834022
-381041
-399460
907904
712918
404822
-67267
965459
157013
-204099
316814
475382
779926
691930
717572
-546424
51426
-776199
873907
785725
45703
-113902
-379866
-385143
-772087
-74913
-639812
949285
-225953
638547
-475455
-484809
-41181
-398126
859268
389862
247476
532575
390110
440897
-739982
-293531
446940
762566
75099
-320030
413088
-648132
586820
683418
-422426
186483
563336
-323155
674115
604401
500943
888920
142593
-355774
-880937
-459948
782136
415917
15140
-748353
-686202
-4977
-160611
1486
-908913