1000
728145
-648706
-135623
444909
532183
608762
176010
838398
-799515
-446598
-59376
-974457
-449828
71661
-27022
501187
532941
922238
596973
858213
-767302
841659
230404
-395126
-901542
-645327
-699876
349696
-237417
-219428
429465
-440328
203398
-302034
-181453
-455520
-127546
594787
296150
557795
-280721
-487917
-518905
-547763
931868
-457094
143929
-520595
962823
100588
-254449
967050
-184223
126674
101042
-619427
252355
326795
-441247
560443
-569902
-919889
-804515
-386978
251432
106774
88664
294507
477903
-197906
-302493
-905821
-601037
-530849
-28253
545357
827998
288008
-205457
-263611
3174
-145298
-366446
-301033
-801961
-482599
-334188
-496371
917356
-112097
495983
-150015
981624
346312
-750099
293186
922783
269214
795553
522621
-139443
-678444
-149035
-134308
228715
389637
298134
213667
836962
471122
326028
572233
-901889
312195
-100818
-382805
405113
-101925
475176
-825494
658775
-903365
220096
-557620
-681815
396721
-417573
903822
49432
-215792
634859
-975016
-44380
-299914
-173937
-326227
-298718
422525
-45477
-235423
267636
921185
-765013
-37464
419603
190356
-674776
-581760
-299810
-93125
519064
-943272
-654929
-191911
-159922
-312132
-614926
-870840
-309926
-632579
-729932
352215
439533
46050
-111726
-298799
728808
787469
515961
-566935
-279706
710095
686227
380831
-197896
995387
-253210
522861
-376574
-386049
-324760
-228806
914220
-583728
-418539
931541
-530462
-897346
-169182
-30183
95299
-147268
-294565
924659
862399
-383839
-250050
269670
851554
-468829
866032
477589
-541243
-152301
295166
554107
-890197
234933
-58227
-802318
-968593
779113
-34138
-779885
648494
229974
-137581
562539
452666
-560532
-339035
223066
435151
266709
418110
-906967
-851382
825058
-687467
531521
-715645
392859
538057
913872
455033
-473511
-611923
64888
-231236
710597
-821161
-902623
260617
-422462
807146
539365
140077
-321337
-375481
686886
-736601
-749852
110395
426667
881441
-578636
674946
-594084
488565
-957943
291264
716663
-267454
-242594
41190
-594277
-808796
-877686
414016
939253
519200
71297
907568
-36495
284323
469612
-187044
341341
599925
-416896
-619237
56223
-2055
519408
-957579
62018
-46822
11454
216149
-852613
718364
588125
-336673
-189355
815792
716569
37738
575566
-318920
229232
-631881
119583
155382
-536618
-606485
-143645
163705
787852
-189507
704695
880338
-793367
469731
-529155
48598
-549781
-687022
-39172
-374525
603011
-646902
497238
66482
295115
339159
-621128
403793
-638029
-659882
-184301
-995476
386667
-288811
-230623
978326
-808841
-991134
911352
540479
-89433
380237
39189
311997
-134887
695545
568654
519300
-855467
455921
-247562
923418
687181
994699
79308
-311249
-962846
-69702
-989457
-414680
713856
-908428
-982294
927347
-93301
383379
-376440
-892510
774520
975719
721052
-254230
-383316
300727
117791
-80399
875843
855958
-566917
172506
260290
-382534
-217304
-731516
343062
-393642
-337243
467803
231892
398286
-168740
-130307
467313
-916441
-11423
-385005
984825
-575300
-292235
-598430
125102
132520
-229943
533472
-105455
-452064
981646
542420
655657
-715308
-815578
-472628
-26618
905702
281397
-24015
-154319
-455517
87307
660483
256688
835916
124863
-360621
-992978
-289001
655892
-631082
-204356
249873
831661
-395733
407701
-815177
752691
204908
966077
168125
689954
-939822
-990211
-273960
395727
862422
547980
934455
984108
-757857
-885813
-157729
46094
107865
810135
-392313
601586
660088
-843121
661324
99500
-636570
-305971
-669898
655103
447501
-305093
787107
983929
-26935
40833
197022
-24085
-575949
-588085
899626
-485885
-874602
-266608
642601
559612
969224
-120160
275521
-651944
916745
-928419
-968755
-478983
-77898
612373
-655679
551786
-780666
724414
-759920
818449
878015
-517465
558093
-559730
563438
-835324
-308925
761407
-344326
342363
-35896
-456316
-950425
408878
131524
-922653
62416
-816170
992440
651070
-439349
208458
996344
357412
-432340
-109004
556934
234096
113890
-322051
754874
-336272
-608438
598735
641617
753140
326003
768838
519997
575823
234666
-327518
-817491
-645099
-879624
-235132
-467013
222116
-653185
-979090
-475517
-845554
-102737
-706156
-339721
615301
-950529
897458
-945830
742647
-319703
829487
918843
-557552
600036
-180015
-494141
939769
277458
-108516
272512
615957
-18614
-73289
59759
670706
659657
-499495
-979251
304388
605230
205222
180408
139593
433308
-949248
-583317
-373837
-150245
-778968
59393
406246
199521
-965124
-210933
141996
-320292
733033
500517
-150702
-332804
-374821
788963
988301
-722014
266010
626469
952598
834323
205931
-545239
-770208
-597450
817826
960093
-956666
211740
418729
-403107
-755930
758246
-724613
-585924
601014
-902816
177753
339027
-778581
-209216
120773
-366904
794287
-91051
730643
835120
-493759
507244
985041
-68139
-555424
-854159
928520
79438
925649
41764
814094
-154764
-519058
-20250
-518392
719758
999777
271929
511520
539046
-458832
-615782
-515443
693766
-379050
-413969
-273010
-668534
637188
157257
191266
-366332
-135599
228581
-608323
-471056
875582
119306
-491826
-73811
604136
25339
-644266
-736638
-418281
-714892
806671
76904
330502
-236417
-429859
-734908
-81547
-4645
-467328
642090
443717
947745
738845
747541
964593
-285370
140079
306800
-74709
140438
784770
-734484
-19376
113095
-44342
627195
674650
-426387
-370595
-569553
-717287
-761475
-219111
624349
-804213
-952339
575590
-93500
340601
707306
-501908
967448
-889615
465905
801626
577290
-23281
-710110
-134632
700779
435660
-467009
-263084
-769188
-869871
505321
-99753
907579
-857165
348331
232724
73093
674126
-345855
-787008
-785976
906288
262894
-988439
-208439
102027
126987
-636722
453299
-511338
831368
-401193
655151
-277779
-749996
-305416
410863
131721
-883783
-222307
-823513
-751921
-903491
493137
-356986
-84157
19334
931946
672841
242885
476322
360588
-222156
272761
-381440
816459
703923
470716
183039
-810882
-382102
555843
-753101
-784961
29656
385258
420897
-189661
-517329
-191354
-720274
339234
-533314
-47968
799577
-598387
642344
-879922
197215
-455331
121690
-117708
389170
-950909
-735461
104991
-347860
-30846
159389
-754801
-129494
-640541
-646879
-354328
169765
75604
287574
928243
-932664
236789
982250
-592428
-351775
-528292
513379
685622
93396
-120942
-258190
603916
-200127
435024
926743
-406016
591056
-801382
164200
895513
19087
-375803
221904
-446588
-101731
327326
-412784
-43731
821848
646738
585463
170380
-278483
85759
-425037
-190809
665725
-845626
-257649
384055
275313
-869933
683190
-272579
801258
-842585
-365597
639202
-525322
722565
701095
732322
20343
841132
-982956
-548581
75566
848708
118822
78515
866325
183173
445859
26422
414866
-422323
462908
-296508
-180262
-482863
986725
258439
201104
856113
-735559
-818007
-925107
-542367
929876
466620
881835
-218778
-957809
-697713
488045
-204080
-103800
-150232
159472
567089
736218
890363
861601
297826
-828553
329767
-806268
-952071
726185
623649
705908
840460
-451201
-813218
-111728
926071
-994365
-431529
-388964
-840467
-267687
-200163
11856
-250768
672028
-123065
-216024
-409379
335537
-656262
113356
-789217
750399
-666909
-505938
585171
-76237
-770701
-412726
876741
188398
-858444
457472
-812946
-981275
-57794
954007
290034
688007
197026
792982
-619615
-480297
-435189
-509085
-896298
924696
849553
961788
528169
967031
424580
321653
327458
399844
35531
-111314
-876876
-122763
-275489
-598558
-734218
-191576
-461538
92366
382695
419754
146817
-385794
65677
-758382
323367
-409840
-529697
702038
-232802
-163658
-172907
-659353
-230074
238463
584659