1000
-212925
633821
-203435
163690
264117
-540829
-135826
102949
-934191
879866
830047
222632
783428
-17553
-41761
-771379
265955
571595
797977
-110489
974282
996089
-962800
-216961
837210
-927888
132364
-848320
-573622
-432849
328848
659299
455500
-455594
995707
-774447
399204
-921004
664358
-15179
-344570
571824
-128309
378004
872466
-844727
210259
654592
259143
-873149
-259779
299606
-679111
135787
609470
-775421
49547
-38693
-2338
152946
316153
302177
372759
799153
-924218
7277
-733539
214209
660553
206618
-85963
-596238
-18180
-515261
-499264
248962
-583962
679297
-119883
671168
592063
965829
-230890
686230
-735181
-183533
484378
674123
-599818
202675
-505664
-947302
-754583
-319541
685858
-291647
-596704
-975234
-158620
-239645
-223737
-317738
-466853
863909
792637
-106769
-582243
685675
98948
-536583
304701
-968042
765602
447302
-335666
-66606
-624112
425411
-254553
-439352
247642
-505301
903060
269268
-853536
850018
944093
-990372
888845
-250175
408335
990411
-759611
389021
907283
889031
214954
701305
-579674
638499
-801194
949539
-476936
653482
-969198
-828240
-947137
709349
851667
-996508
496153
76112
-980849
778420
661023
-50659
-999797
890212
-96270
-599257
854660
888080
355879
-542567
582848
-627309
350005
-527244
894711
-235353
-713365
518820
95523
-654580
-230034
-521763
719808
-757589
455018
-183419
-27759
144330
279004
728157
-762574
-366493
61930
-278003
637633
-539635
-714412
224436
682511
-543209
856667
997462
188363
565535
-474858
623835
-333218
-550524
676116
-177778
849346
32804
-327251
-630408
-363115
847499
-104692
569620
818407
28216
183309
-175371
741312
-367522
-76189
926049
367997
195777
664335
-839732
-119477
308867
-53413
724429
339704
-266097
-126288
-376084
138269
54139
904869
373748
-13140
-196069
-646859
-96477
320205
738008
-164765
-510991
2086
506443
-212912
-943556
-602888
297664
956639
-336421
515399
199626
500172
-370062
-540534
-641051
659173
-703583
-641935
-114829
-730648
-415875
-275449
707395
-103902
-863147
700700
895874
-828979
314245
526658
286810
17405
-418109
609983
428621
-980863
953305
937326
-754776
-463990
561046
229795
810953
-575362
633883
313376
-933406
-415828
806264
-695613
-270097
174721
917040
528568
216867
523072
495960
421705
-347
-975145
137412
999148
-830801
814190
829547
456298
-29731
-154342
-722368
-238651
670036
-639225
802855
-672904
639608
72122
59404
-932375
-480333
-500635
985752
-550645
720682
48550
-724783
-413849
-562084
-343975
-770761
-671318
-253442
-519050
-56975
-372949
-427450
553302
-652896
581559
-35655
618347
138242
980171
-166110
-278901
653395
-931385
-94837
-851638
-936972
-877960
-972556
-927997
270264
-317491
-981389
-76107
-191231
-671495
593877
-471265
-69810
186413
438877
-202550
427288
828046
-470778
174936
-863026
915812
-362016
-317750
-884057
-124136
-390950
-540588
-492897
-382177
-905972
737881
850959
-229991
-230083
783106
-672813
-365245
973929
-520120
614843
-272307
197903
-363161
-680944
-978609
724543
-415909
-578181
-97786
262529
625630
37645
520186
-873118
-552965
-358936
776615
-182485
-864553
-463792
-82435
421579
-861107
255668
412268
878770
-113497
600711
-96964
-474166
776
-163155
527887
-920599
-981059
852165
-587663
-27577
721764
-766074
420597
-227335
-924981
321934
632588
-950233
191283
-96519
273798
-566280
-180273
-667557
410652
383693
-547300
939515
-247641
-92624
-168872
-401573
-346074
-789314
-899236
128101
-809567
932218
-571913
79652
180979
380789
321209
-208587
241612
326994
-57330
-851430
768181
577160
602323
840129
-995404
898201
-327280
166964
65220
-245088
385933
449280
-559406
-708980
815515
273619
951090
143894
807705
-163305
-241455
654421
-756631
394633
-638595
837773
-248807
-517989
-532976
192562
-574526
450621
-521790
-358737
122247
428742
-508098
-92475
927195
-371564
-333500
-852077
-716525
-722882
948035
-570224
-695026
-996721
288370
-94063
-177747
756643
974956
989776
-260313
-762142
175465
263209
-82709
-494542
336175
181527
737014
-473712
611507
-618855
-712622
-239512
-613048
399717
361278
-47883
466221
-186358
738844
853724
-802998
-598830
-865331
884458
278084
549092
-980456
-884838
555556
454439
342398
-634817
78938
-179146
593535
-426138
164873
401780
-578763
681604
-486475
-519796
-497810
548085
-132123
746771
-916912
-986722
-907851
97165
-159041
-178458
865272
-532488
953753
-623402
450127
403088
-830348
230582
-264095
-249751
759
-524736
288485
54712
-625362
324602
272539
-912649
118757
-315703
134037
-440034
-637195
730666
-207458
-431246
420500
733772
851858
-86957
875399
967944
255522
50856
60516
-760224
-669963
383056
-44896
636365
-717557
-18388
949539
815253
-297722
379487
997397
248401
646691
-303214
-274255
-194302
533135
-367404
609845
-710937
-359870
-989424
-120029
207051
-625303
-393374
-686512
-281001
344694
156556
12739
-240861
394585
828069
829786
-779974
-62881
403751
127194
719007
-83605
-555624
555663
210005
288367
281485
716894
-676161
-2795
457471
635180
304649
-888372
901089
600702
-210762
-111143
-531192
89224
-121308
-121639
-362096
-798518
-703076
201488
531107
589206
98740
-722361
266748
911335
180058
-916156
-709191
-238369
-548780
746847
927219
-386334
-345041
367220
-965223
-657210
-736411
18493
-4917
600605
-316647
-459980
65791
-303340
-982615
653799
209261
563748
-747940
661465
416205
-552446
-175541
-539669
78609
195795
495271
-724810
292593
864657
864466
-388613
-716315
-186608
-929584
-675209
245665
604282
138969
-623106
620781
44225
-295723
155293
175339
570361
-604233
94780
788064
-976797
327467
45145
-426571
223836
502494
402074
325021
402302
778155
998365
907481
-272222
-708586
-601174
-56471
968347
466216
-292755
-487404
710451
-331673
562084
41697
-965881
948711
662825
576491
-620592
-547062
-909417
-323884
-762345
-341624
318986
787545
-326887
-635602
560491
606624
608238
-254351
705167
850809
546548
-178579
948840
-296912
-867181
490738
188808
-277171
-182196
-4287
485245
-754593
-482095
-879769
-806852
-809734
-127610
623517
32753
-830405
614959
-484199
-774226
500058
-112545
-74487
934808
-683508
-231694
-666464
613535
-432716
221500
272280
-959836
-201588
753277
-20657
490822
-228050
694676
792086
579051
603534
805351
-464327
679105
-874027
-939023
-312038
-616942
-145477
827295
-95269
142160
-642204
-480158
-497311
750196
-633627
-975023
-66556
-691845
-500317
-217151
-438378
-35720
266188
201412
-963790
202071
738787
-11718
20825
745467
880372
-338221
-379998
-429221
-85609
-174109
-103470
368797
-870892
180320
-920871
331760
-527556
902585
-904793
-190571
-895571
-738275
110258
-875496
-321361
-974708
538061
189161
327645
-448102
668260
-216583
-424626
507291
-952495
777940
-272382
451032
-919968
-229334
112641
736558
-418203
-793091
-23490
-949743
-207679
809680
575863
920388
-655633
538330
754622
330876
449781
857754
804666
235010
-679628
-80806
338835
863563
-529303
282856
-389883
-603041
-738864
-9910
-265178
705020
-381547
122176
325466
-873266
816264
-785417
650390
-187882
-897624
171851
592521
-108862
167164
-466343
716889
922399
-99153
619872
-375268
816752
-772783
357199
-123018
302335
-161672
-826027
-625773
-847145
813514
734332
-989899
999458
5472
-927893
117233
-408163
456152
689992
682558
606013
643261
-368761
-940974
512060
-739111
555915
842578
871177
727925
-971987
-163839
-369805
969719
-348183
488202
-195276
-363734
907331
-63546
-905065
-734314
814250
329178
-562307
664310
-293046
426114
26801
816341
503601
-637101
141255
-620340
490002
467885
623134
-837194